image_width: 1280
image_height: 720
camera_name: camera/left
camera_matrix:
  rows: 3
  cols: 3
  data: [350.3900146484375, 0.0, 314.9075012207031, 0.0, 350.36749267578125, 178.21275329589844, 0.0, 0.0, 1.0]
distortion_model: plumb_bob
distortion_coefficients:
  rows: 1
  cols: 5
  data: [-0.17439700663089752, 0.027474800124764442, 0.0, 7.52295964048244e-05, -4.7794401325518265e-05]
rectification_matrix:
  rows: 3
  cols: 3
  data: [1.0, 0.0, 0.0, 0.0, 1.0, 0.0, 0.0, 0.0, 1.0]
projection_matrix:
  rows: 3
  cols: 4
  data: [350.3900146484375, 0.0, 314.9075012207031, 0.0, 0.0, 350.36749267578125, 178.21275329589844, 0.0, 0.0, 0.0, 1.0, 0.0]
