image_width: 1280
image_height: 720
camera_name: camera/right
camera_matrix:
  rows: 3
  cols: 3
  data: [350.1400146484375, 0.0, 316.9125061035156, 0.0, 350.07501220703125, 182.1197509765625, 0.0, 0.0, 1.0]
distortion_model: plumb_bob
distortion_coefficients:
  rows: 1
  cols: 5
  data: [-0.173566997051239, 0.027105899527668953, 0.0, 0.00011921099940082058, 4.593659832607955e-05]
rectification_matrix:
  rows: 3
  cols: 3
  data: [0.9999931454658508, 0.0034515701700001955, -0.0013245802838355303, -0.0034514344297349453, 0.9999940395355225, 0.00010468297841725871, 0.0013249337207525969, -0.00010011056292569265, 0.9999991059303284]
projection_matrix:
  rows: 3
  cols: 4
  data: [350.1400146484375, 0.0, 316.9125061035156, -22.048681259155273, 0.0, 350.07501220703125, 182.1197509765625, 0.0, 0.0, 0.0, 1.0, 0.0]
