[LEFT_CAM_2K]
fx=1401.56
fy=1401.47
cx=1086.63
cy=616.851
k1=-0.174397
k2=0.0274748
p1=7.52296e-05
p2=-4.77944e-05
k3=0

[RIGHT_CAM_2K]
fx=1400.56
fy=1400.3
cx=1094.65
cy=632.479
k1=-0.173567
k2=0.0271059
p1=0.000119211
p2=4.59366e-05
k3=0

[LEFT_CAM_FHD]
fx=1401.56
fy=1401.47
cx=942.63
cy=535.851
k1=-0.174397
k2=0.0274748
p1=7.52296e-05
p2=-4.77944e-05
k3=0

[RIGHT_CAM_FHD]
fx=1400.56
fy=1400.3
cx=950.65
cy=551.479
k1=-0.173567
k2=0.0271059
p1=0.000119211
p2=4.59366e-05
k3=0

[LEFT_CAM_HD]
fx=700.78
fy=700.735
cx=629.815
cy=356.4255
k1=-0.174397
k2=0.0274748
p1=7.52296e-05
p2=-4.77944e-05
k3=0

[RIGHT_CAM_HD]
fx=700.28
fy=700.15
cx=633.825
cy=364.2395
k1=-0.173567
k2=0.0271059
p1=0.000119211
p2=4.59366e-05
k3=0

[LEFT_CAM_VGA]
fx=350.39
fy=350.3675
cx=330.4075
cy=185.71275
k1=-0.174397
k2=0.0274748
p1=7.52296e-05
p2=-4.77944e-05
k3=0

[RIGHT_CAM_VGA]
fx=350.14
fy=350.075
cx=332.4125
cy=189.61975
k1=-0.173567
k2=0.0271059
p1=0.000119211
p2=4.59366e-05
k3=0

[STEREO]
Baseline=62.9251
TY=0.0902687
TZ=-0.345041
CV_2K=0.00345151
CV_FHD=0.00345151
CV_HD=0.00345151
CV_VGA=0.00345151
RX_2K=0.00132476
RX_FHD=0.00132476
RX_HD=0.00132476
RX_VGA=0.00132476
RZ_2K=-0.000102397
RZ_FHD=-0.000102397
RZ_HD=-0.000102397
RZ_VGA=-0.000102397

[MISC]
Sensor_ID=0

